                      Unnamed: 0  episode_reward   episode  batch_reward  critic_loss  ...  actor_entropy  alpha_loss  alpha_value  duration      step
Unnamed: 0              1.000000        0.588758  1.000000      0.850108    -0.577733  ...      -0.727112    0.360912    -0.088934 -0.599085  1.000000
episode_reward          0.588758        1.000000  0.588758      0.845146    -0.089221  ...      -0.818496   -0.163076     0.508881 -0.256311  0.588758
episode                 1.000000        0.588758  1.000000      0.850108    -0.577733  ...      -0.727112    0.360912    -0.088934 -0.599085  1.000000
batch_reward            0.850108        0.845146  0.850108      1.000000    -0.442071  ...      -0.827028    0.242191     0.397859 -0.363415  0.850108
critic_loss            -0.577733       -0.089221 -0.577733     -0.442071     1.000000  ...       0.108697   -0.806285     0.017341  0.161005 -0.577733
actor_loss             -0.888943       -0.774997 -0.888943     -0.986251     0.557627  ...       0.765135   -0.370919    -0.319554  0.372453 -0.888943
actor_target_entropy         NaN             NaN       NaN           NaN          NaN  ...            NaN         NaN          NaN       NaN       NaN
actor_entropy          -0.727112       -0.818496 -0.727112     -0.827028     0.108697  ...       1.000000    0.208320    -0.166721  0.432027 -0.727112
alpha_loss              0.360912       -0.163076  0.360912      0.242191    -0.806285  ...       0.208320    1.000000     0.022695  0.013142  0.360912
alpha_value            -0.088934        0.508881 -0.088934      0.397859     0.017341  ...      -0.166721    0.022695     1.000000  0.309761 -0.088934
duration               -0.599085       -0.256311 -0.599085     -0.363415     0.161005  ...       0.432027    0.013142     0.309761  1.000000 -0.599085
step                    1.000000        0.588758  1.000000      0.850108    -0.577733  ...      -0.727112    0.360912    -0.088934 -0.599085  1.000000

[12 rows x 12 columns]
