                      Unnamed: 0  episode_reward   episode  batch_reward  critic_loss  ...  actor_entropy  alpha_loss  alpha_value  duration      step
Unnamed: 0              1.000000        0.676373  1.000000      0.896357     0.866965  ...      -0.266896    0.460574     0.797623 -0.564125  1.000000
episode_reward          0.676373        1.000000  0.676373      0.640017     0.621824  ...      -0.358833    0.150174     0.492479 -0.498129  0.676373
episode                 1.000000        0.676373  1.000000      0.896357     0.866965  ...      -0.266896    0.460574     0.797623 -0.564125  1.000000
batch_reward            0.896357        0.640017  0.896357      1.000000     0.923753  ...      -0.353825    0.201802     0.885382 -0.492978  0.896357
critic_loss             0.866965        0.621824  0.866965      0.923753     1.000000  ...      -0.367384    0.194797     0.805760 -0.523901  0.866965
actor_loss             -0.918974       -0.600053 -0.918974     -0.967261    -0.891430  ...       0.131610   -0.421579    -0.952771  0.419061 -0.918974
actor_target_entropy         NaN             NaN       NaN           NaN          NaN  ...            NaN         NaN          NaN       NaN       NaN
actor_entropy          -0.266896       -0.358833 -0.266896     -0.353825    -0.367384  ...       1.000000    0.649286     0.087130  0.455109 -0.266896
alpha_loss              0.460574        0.150174  0.460574      0.201802     0.194797  ...       0.649286    1.000000     0.510360 -0.007371  0.460574
alpha_value             0.797623        0.492479  0.797623      0.885382     0.805760  ...       0.087130    0.510360     1.000000 -0.282485  0.797623
duration               -0.564125       -0.498129 -0.564125     -0.492978    -0.523901  ...       0.455109   -0.007371    -0.282485  1.000000 -0.564125
step                    1.000000        0.676373  1.000000      0.896357     0.866965  ...      -0.266896    0.460574     0.797623 -0.564125  1.000000

[12 rows x 12 columns]
